-2.402277039999999886e+01 -5.308918406000000090e+01 -8.956356736000000041e+00
-2.500283822000000100e+01 -7.732071901999999852e+01 -1.318259223999999996e+01
-4.529281767999999886e+01 -6.936187845000000607e+01 -8.497237568999999269e+00
-9.569471624000000176e+00 -6.709589040999999554e+01 -4.481409002000000363e+00
-2.631895425000000088e+01 -9.495163399000000481e+01 -1.233725489999999958e+01
-1.417391304000000041e+01 -4.475776398000000000e+01 -2.819875775999999945e+00
-5.549700599000000345e+00 -9.265149700999999993e+01 -4.112574849999999671e+00
-4.714486638999999712e+01 -6.972151899000000697e+01 9.727144865999999723e+00
-2.258007565999999855e+01 -9.675157629000000270e+01 5.939470366000000112e+00
-1.133404254999999949e+01 -6.978510638000000199e+01 7.540425532000000430e+00
-3.989117291000000165e+01 -8.452962515000000110e+01 1.021039902999999960e+01
-1.209439528000000053e+01 -7.274336282999999526e+01 2.238348082999999988e+01
-7.527240772999999940e+00 -8.746045694000000026e+01 2.725834797999999992e+01
-2.308513341999999824e+01 -8.713087674999999876e+01 2.400508259000000066e+01
-5.048903879000000217e+01 -5.075885329000000112e+00 -2.148397976000000043e+00
-5.257755359000000084e+01 -2.487263555999999909e+01 9.253467843999999332e+00
-3.692121211999999986e+01 -2.096161615999999839e+01 1.528080807999999990e+01
-5.492901235000000071e+01 -4.478395061999999704e+00 1.022839506000000043e+01
-5.294818653000000097e+01 -2.244041451000000009e+01 1.837823833999999934e+01
-5.615366430000000264e+01 -8.224586287999999357e+00 3.040425532000000075e+01
-4.725378787999999730e+01 -8.928030302999999890e+00 4.631439394000000220e+01
-6.926470587999999928e+00 -1.238970587999999928e+01 4.639705881999999804e+01
-4.817592592999999823e+01 -2.837500000000000000e+01 5.698611111000000307e+01
-3.944525546999999932e+01 -2.395255474000000007e+01 5.748540145999999851e+01
-3.066666667000000146e+01 -4.627100270999999765e+01 6.254742547000000030e+01
-3.129886914000000075e+01 -1.976090467999999944e+01 6.384168013000000030e+01
-2.609214091999999852e+01 -3.805962060000000236e+01 6.743089430999999934e+01
-2.026887660999999952e+01 -1.060036831999999940e+01 6.806998158000000387e+01
-6.612844037000000341e+00 -3.053761468000000079e+01 6.631926606000000390e+01
-1.908965517000000034e+01 -3.081379310000000160e+01 6.768965516999999465e+01
-4.355223880999999864e+01 -4.808457710999999790e+01 -1.926865671999999918e+01
-5.700792392999999691e+01 -6.019651346999999930e+01 -1.372424722999999958e+00
-2.577504393999999976e+01 -6.991212654000000271e+01 3.820386642999999793e+01
-5.401901140999999740e+01 -2.640684411000000154e+01 4.198098859000000260e+01
-4.072549020000000297e+01 -3.513725490000000207e+01 4.778921568999999892e+01
-3.325980392000000307e+01 -4.886764706000000302e+01 4.716176470999999992e+01
-1.673941367999999841e+01 -7.304234528000000637e+01 5.410097720000000265e+01
-2.908536584999999874e+01 -5.984146341000000291e+01 5.938414634000000092e+01
-5.567975831000000042e+00 -5.933836858000000092e+01 5.711782476999999858e+01
-1.717647059000000098e+01 -5.273449921000000273e+01 6.843561207999999851e+01
-3.158666666999999961e+01 -4.290666666999999990e+00 5.324266666999999842e+01
-2.249829352000000071e+01 5.559726962000000050e+00 6.142320818999999688e+01
-4.769565217000000246e+01 5.608695651999999754e+00 2.885990337999999866e+01
-5.572569443999999805e+01 -3.997916666999999791e+01 2.050347221999999903e+01
-6.100719423999999691e+01 -2.544172662000000074e+01 2.863021583000000092e+01
-5.972659175999999803e+01 -3.937453184000000306e+01 3.634456929000000258e+01
-3.927532097000000277e+01 -3.857346648000000044e+00 -3.626248217000000107e+00
-3.350106610000000273e+01 2.038805969999999945e+01 4.810234541999999891e+00
-3.890410958999999735e+01 8.561643839999999450e-01 1.099315067999999940e+01
-5.104242424000000256e+01 8.686868687000000477e+00 1.045656566000000076e+01
-2.860610687000000141e+01 4.281526717999999931e+01 3.135725190999999867e+01
-5.698209719000000284e+00 9.601023017999999354e+00 4.138618926000000187e+01
-1.074484945000000025e+01 -3.528050712999999661e+01 4.634548336000000290e+01
-6.251908397000000228e+00 -3.091603053000000045e+00 6.511832060999999783e+01
-2.366223908999999992e+01 2.171537002000000172e+01 -1.992409866999999934e+01
-9.387509405999999501e+00 3.549134688000000182e+01 -2.042588411999999920e+01
-2.935909090999999904e+01 -5.809090909000000025e+00 -3.868181818000000050e+01
-4.543108503999999925e+01 -2.072922776000000056e+01 -3.031085043999999940e+01
-2.756405990000000017e+01 1.012312812000000051e+01 -3.427953411000000017e+01
-4.236216215999999690e+01 7.735135135000000162e+00 -1.880540540999999877e+01
-5.287032966999999672e+01 -5.094505494999999939e+01 4.582857142999999667e+01
-3.484698609000000147e+01 -6.231221020000000266e+01 4.799381762000000151e+01
-4.532558139999999725e+01 -4.170232558000000012e+01 4.651627907000000306e+01
-6.090804597999999714e+01 -4.275862069000000076e+01 -1.334482758999999952e+01
-3.182189238999999858e+01 4.241187383999999838e+01 -1.342857142999999986e+01
-4.176606259999999793e+01 4.947281713000000281e+01 -5.812191104000000053e+00
-2.753782668999999927e+01 5.803301238000000239e+01 8.038514443000000398e+00
-4.183492062999999916e+01 4.015873015999999751e+01 1.652857142999999951e+01
-4.426779252000000042e+01 2.008443907999999922e+01 2.728347407000000047e+01
-4.261698957000000121e+01 6.002980626000000264e+00 4.348435170999999855e+01
-9.533206830999999326e+00 -7.308538898999999844e+01 3.743453509999999795e+01
-4.692307691999999975e+00 -2.887500000000000000e+01 2.687500000000000000e+01
-3.146341463000000171e+00 5.280487804999999923e+00 2.897560976000000110e+01
-4.663702505999999914e+01 8.155214228000000176e+00 -3.234438157000000302e+01
-6.027284427000000022e+01 -1.883397683000000100e+01 -2.255598455999999885e+01
-5.635881103999999908e+01 -5.757961782999999834e+00 -1.223354564999999994e+01
-5.797966962999999652e+01 -3.038373570999999984e+01 -3.532401525000000042e+00
-5.822828784000000013e+01 -4.191066998000000154e+01 7.406947890999999728e+00
-4.870932358000000306e+01 -5.744058500999999950e+01 1.793418647000000021e+01
-3.843130990000000224e+01 -7.938019169000000375e+01 3.163578275000000062e+01
-5.693094629000000140e+01 -5.380051150999999976e+01 2.817902812999999895e+01
-4.587138862999999844e+01 -6.566635601000000122e+01 3.823299160999999913e+01
-3.489230769000000265e+01 2.084444444000000018e+01 -1.301880341999999935e+01
-5.763016158000000111e+00 3.576660681999999980e+01 -9.673249550999999613e+00
-4.589041095999999698e+01 3.100913242000000025e+01 -7.420091324000000377e+00
-1.324611162000000064e+01 6.255809698000000196e+01 -5.703568160999999748e+00
-5.124465557999999987e+01 2.255344417999999962e+01 7.862232779000000171e+00
-6.282504012999999610e+00 4.446869983999999931e+01 7.293739967999999685e+00
-8.431527093999999778e+00 5.845911329999999850e+01 1.970049261000000129e+01
-5.581548599999999638e+00 3.001647446000000130e+01 2.428995057999999929e+01
-1.113698630000000023e+01 4.643561643999999689e+01 4.498630136999999962e+01
-3.465892597999999936e+00 3.328301886999999937e+01 4.316690856000000309e+01
-3.965882352999999938e+01 1.871470588000000035e+01 4.952352941000000186e+01
-2.366782810999999853e+01 2.468757258999999848e+01 4.903368177000000117e+01
-9.314868804999999696e+00 1.697959184000000121e+01 6.317492710999999872e+01
-1.111317254000000077e+01 -5.597773655000000304e+01 1.340630797999999935e+01
-5.324786324999999820e+00 -5.499145298999999909e+01 2.711965812000000042e+01
-3.818181817999999783e+00 -2.942191142000000070e+01 3.658741258999999957e+01
-6.258503400999999577e+00 -5.453401361000000236e+01 4.188435374000000166e+01
-2.599704579000000138e+01 -3.158641064000000043e+01 -1.798818315999999840e+01
3.861055275999999736e+01 -3.472864322000000215e+01 -2.297989949999999837e+01
2.737406855000000050e+01 -3.530253352999999805e+01 -1.466467957999999960e+01
2.856984127000000129e+01 -6.854126983999999823e+01 -1.232857143000000022e+01
1.234650455999999963e+01 -6.429179331000000275e+01 -4.568389058000000169e+00
4.857017543999999987e+01 -7.148830408999999975e+01 -6.038011695999999873e+00
1.134944611999999964e+01 -9.213494461000000513e+01 -5.013091640999999932e+00
1.629708223000000089e+01 -4.625464190999999659e+01 -1.315649867000000084e+00
3.027069132999999823e+01 -9.355793574000000490e+01 -3.813047711999999922e+00
8.479578393000000602e+00 -7.501712779999999725e+01 8.144927536000000856e+00
2.110129870000000096e+01 -5.993766234000000281e+01 7.490909090999999798e+00
4.225294118000000054e+01 -7.982941175999999928e+01 9.699999999999999289e+00
1.943739565999999996e+01 -9.021202003000000502e+01 2.144908179999999831e+01
1.130307467000000088e+01 -7.377159589999999412e+01 2.544363103999999964e+01
1.619956615999999983e+01 -8.463774402999999324e+01 3.941431670000000054e+01
3.243488942999999836e+01 -7.461179361000000654e+01 3.183783783999999883e+01
5.185049834000000146e+01 -1.441860465000000069e+01 5.282392027000000212e+00
6.366415093999999897e+01 -2.347924528000000066e+01 7.373584905999999606e+00
3.841361256999999796e+01 -1.328795812000000076e+01 1.458115182999999959e+01
4.403015074999999712e+01 -2.663819094999999848e+01 1.804020101000000054e+01
5.901075268999999679e+01 5.519713259999999844e-01 1.093189963999999925e+01
5.669387755000000340e+01 -1.147619047999999964e+01 1.443537414999999946e+01
5.747859921999999955e+01 -4.985732815000000429e+00 3.021271077000000105e+01
9.447698745000000287e+00 -1.503765689999999999e+01 4.116317991999999748e+01
5.089699570999999878e+01 -2.241201716999999860e+01 5.183690986999999950e+01
4.670175438999999784e+01 -1.102255639000000009e+01 4.804511277999999663e+01
6.997849461999999576e+00 -1.093763440999999936e+01 5.164301075000000196e+01
3.919327730999999915e+01 -2.368067226999999875e+01 5.745658262999999977e+01
3.167391303999999863e+01 -4.055072463999999854e+01 6.336231884000000036e+01
3.198484848000000014e+01 -1.972727272999999926e+01 6.437121211999999559e+01
2.897872339999999980e+01 -3.405673758999999734e+01 6.537588651999999456e+01
2.236946564999999865e+01 -8.812213740000000683e+00 6.717557252000000290e+01
1.017600000000000016e+01 -3.906666666999999649e+01 6.874133333000000334e+01
6.904624276999999921e+00 -2.328323698999999891e+01 6.725144509000000426e+01
2.001612902999999832e+01 -2.958870968000000090e+01 7.000000000000000000e+01
5.031772575000000103e+01 -5.318394648999999674e+01 -1.506856186999999991e+01
5.160369610000000051e+01 -5.959958931999999976e+01 9.577002052999999293e+00
5.966047745000000191e+01 -1.668435012999999856e+01 3.436604774999999989e+01
4.622075054999999821e+01 -3.692715231999999759e+01 4.860927152000000007e+01
4.165566038000000049e+01 -3.141509433999999956e+01 4.634905659999999727e+01
1.495424837000000018e+01 -7.311111110999999596e+01 5.294117647000000204e+01
3.468468467999999660e+01 -4.790630630999999795e+01 5.081801801999999668e+01
2.625964911999999885e+01 -6.127953216000000225e+01 5.796959063999999984e+01
8.542974079000000387e+00 -5.593451568999999779e+01 6.131241473000000042e+01
2.136528926000000084e+01 -4.814545454999999663e+01 7.033388429999999403e+01
3.432475248000000079e+01 -4.526732672999999707e+00 5.253069306999999810e+01
2.598420220999999941e+01 7.093206950999999982e+00 5.765560820999999692e+01
5.139246658999999795e+01 1.060510327999999980e+01 2.025273389999999907e+01
5.694908350000000041e+01 -4.529938899999999791e+01 9.421588594999999344e+00
6.001020408000000117e+01 -3.859693878000000211e+01 1.666326530999999989e+01
6.004411764999999690e+01 -2.619537814999999981e+01 2.777310924000000014e+01
5.078239608999999888e+01 3.569682151999999942e+00 4.049877750999999648e+01
4.117711171999999920e+01 5.852861035000000101e+00 -1.535149864000000086e+01
4.617553190999999657e+01 -3.428191489000000036e+00 -4.273936169999999812e+00
3.617582417999999933e+01 2.379120878999999888e+01 4.813186812999999731e+00
4.368539325999999789e+01 6.804494381999999675e+00 3.869662921000000200e+00
7.466299861999999621e+00 8.954607978000000301e+00 4.121320494999999795e+01
1.064054514000000040e+01 -3.546507666000000114e+01 4.675979557000000142e+01
8.713815788999999867e+00 3.519736841999999921e+00 6.559868421000000183e+01
1.195316159000000056e+01 3.857142857000000191e+01 -2.146838406999999904e+01
2.860081191000000089e+01 2.238430311000000117e+01 -1.889851150000000146e+01
1.486002522000000070e+01 6.454224464000000694e+01 -7.621689786000000133e+00
2.984790209999999888e+01 8.171328670999999488e+00 -3.752272726999999719e+01
4.692429577000000052e+01 -1.278169014000000026e+01 -3.483626761000000016e+01
2.530056710999999936e+01 -1.148960302000000056e+01 -3.144045368999999823e+01
6.205080831000000074e+01 -3.748267898000000287e+01 3.724249422999999837e+01
5.276097561000000269e+01 -4.170731707000000199e+01 4.822926829000000026e+01
3.755555556000000195e+01 -6.285714286000000328e+01 4.731216931000000159e+01
6.259495351999999713e+01 -4.190703850999999958e+01 -1.143160690999999929e+01
3.400000000000000000e+01 2.100826445999999947e+01 -8.388429752000000406e+00
3.532048681999999928e+01 4.635902637000000226e+01 -1.251318458000000078e+01
2.957788945000000069e+01 5.822613065000000176e+01 4.889447235999999641e+00
4.330919765000000154e+01 4.494129158999999873e+01 1.047162426999999951e+01
4.537511520999999703e+01 2.286635945000000092e+01 2.597050691000000100e+01
2.972736125000000129e+01 4.813242454000000237e+01 2.711781888999999879e+01
4.062946429000000137e+01 3.295535713999999672e+01 3.724553570999999863e+01
4.213055304000000234e+01 1.427923844000000031e+01 4.896826836000000327e+01
1.437238493999999989e+01 -6.963598326000000327e+01 3.635564853999999713e+01
5.211764706000000302e+00 -2.551764706000000160e+01 3.056470588000000177e+01
4.780952380999999640e+00 3.552380952000000036e+00 2.963809523999999840e+01
7.198113207999999652e+00 3.042767295999999888e+01 2.793710692000000151e+01
7.854368931999999859e+00 2.558009708999999887e+01 5.473786408000000137e+01
4.712515803000000147e+01 -6.952718077999999480e+01 2.786599241000000049e+01
5.442105262999999837e+01 -5.005146198999999996e+01 2.831111110999999880e+01
5.092888244000000242e+01 -5.865021770999999973e+01 4.429317851999999789e+01
4.708781869999999969e+01 1.274976393000000030e+01 -2.950141642999999902e+01
6.071252204999999691e+01 -1.312522045999999953e+01 -2.095414462000000100e+01
5.476404493999999801e+01 -6.308988764000000415e+00 -9.853932584000000716e+00
6.239075629999999961e+01 -2.664285714000000027e+01 -5.449579832000000401e+00
5.222365590999999796e+01 -3.130322581000000071e+01 1.544086021999999891e+00
5.092617450000000190e+01 2.784851390000000038e+01 2.109300100000000011e-02
4.915151514999999804e+00 3.635959596000000005e+01 -1.402424242000000021e+01
7.888324873000000181e+00 4.193231810000000337e+01 4.033840947999999926e+00
6.000000000000000000e+00 2.905263157999999990e+01 1.492982456000000013e+01
8.976486859999999623e+00 5.745781465999999682e+01 1.883264176999999862e+01
1.514469453000000065e+01 4.612433012000000332e+01 4.366130761000000149e+01
2.832774673999999848e+01 2.985102420999999850e+01 4.292737429999999677e+01
2.345726495999999983e+01 2.431196581000000023e+01 5.271367520999999812e+01
1.284710744000000027e+01 -5.454958677999999850e+01 1.501652892999999978e+01
6.595238095000000023e+00 -4.880735931000000249e+01 3.044155844000000144e+01
6.540350876999999841e+00 -5.816140350999999953e+01 4.426666666999999933e+01
